1 0.0077887352736520764 1.4929748352841415e-05 0.9999696672225414 -3.844373120936841e-06 -3.2992595666871973 -1.8351638416102518 32.56686542131262 1 00000.png

2 0.007991395472097765 1.0690160677491975e-05 0.9999680681801782 -1.0204474714098195e-05 -3.313354605442221 -1.8347562853713724 31.91481649493138 1 00004.png

4 0.00851082728580447 8.172591193393908e-06 0.9999637819802707 -2.190510414781906e-05 -3.3487831422625343 -1.8340136637406441 31.097142972212822 1 00009.png

3 0.009170333293229528 7.38083443225454e-06 0.9999579510865725 -3.148902217924033e-05 -3.3928654700478624 -1.8334281456466097 30.44059225915406 1 00013.png

6 0.010335410708450241 7.137780918419205e-06 0.9999465871869404 -4.480770477648689e-05 -3.4690318436419707 -1.8326445165074765 29.616420998447342 1 00018.png

5 0.01175412293666923 7.4922701039167055e-06 0.9999309154617524 -6.95821617085722e-05 -3.5596271712013845 -1.8311796926358521 28.951972022375067 1 00022.png

11 0.014164479753441435 8.317483619100857e-06 0.999899670945204 -0.00012445001522550777 -3.710222533315787 -1.8279696772736271 28.276793208297047 1 00026.png

9 0.020036414192810305 1.0782091131078322e-05 0.9997992166257292 -0.0002615809984080872 -4.067784986184226 -1.8201551488917498 27.39987748896582 1 00031.png

10 0.028467605320572836 1.5335605200551482e-05 0.9995946221819871 -0.00043187611864418756 -4.568057190050146 -1.810779795816542 26.65025538116107 1 00035.png

7 0.04108951963270186 2.4118348025876532e-05 0.9991552810455682 -0.0006124976823287609 -5.298101503493992 -1.8012991235873796 25.835804566061757 1 00039.png

12 0.06276576008314752 4.30986065895346e-05 0.9980279580197035 -0.0008077838299751942 -6.5112108390225565 -1.791794194798773 24.699101490496247 1 00044.png

8 0.08366195014004171 6.341386023748988e-05 0.9964937997033937 -0.0008838722418411381 -7.638438913420673 -1.7888620649077567 23.68739849230828 1 00048.png

13 0.11163790714821975 8.668227823436215e-05 0.9937485609379765 -0.0008762462262363159 -9.084826393669509 -1.7906700325434668 22.316703798148488 1 00053.png

16 0.13445888155953312 0.00010328861521775798 0.9909188064366906 -0.000847084001573083 -10.209911984785471 -1.7932012622800448 21.150600498119154 1 00057.png

15 0.15714405525912953 0.00011819623095243032 0.9875753476285952 -0.0008152807036871092 -11.277254992218017 -1.7957515167402727 19.935256831326868 1 00061.png

14 0.18519872802866091 0.00013786785149792923 0.982700760746418 -0.0007918064365190935 -12.523131401054133 -1.7980092557474334 18.354273877266074 1 00066.png

17 0.20715366002422078 0.0001499903869867918 0.9783081113786217 -0.0007601659341844084 -13.438205687608974 -1.8003210093634885 17.051390025583302 1 00070.png

18 0.2280323580296136 0.00015499910778578262 0.973653289946492 -0.0007004592087912333 -14.256753318602964 -1.8037857477009063 15.740020274246744 1 00074.png

22 0.2517149110753318 0.0001493972839528734 0.9678012317288651 -0.0005975674695716288 -15.11946570330845 -1.8091546526925173 14.131272462272488 1 00079.png

19 0.2683967038471633 0.00013975186625656908 0.9633083225675482 -0.0005152722488688297 -15.681141139177711 -1.813255074514611 12.892232208842577 1 00083.png

20 0.2866396208965079 0.00012680070323789944 0.9580383743356404 -0.00043006303187880846 -16.246992380903983 -1.8174199386982912 11.410342638825469 1 00088.png

21 0.29916976395156275 0.00011405895297913149 0.9541998249377026 -0.00036526234292753553 -16.60329166286518 -1.820465592046849 10.286022517101 1 00092.png

23 0.3100214467701531 0.00010192901701965811 0.9507295070160469 -0.00031087303034336744 -16.888047951548238 -1.8229769184254916 9.216196834200677 1 00096.png

24 0.3215100637121836 8.737102470633842e-05 0.9469061239800435 -0.00025232356652920234 -17.162546734579426 -1.825605043985498 7.95061247087108 1 00101.png

25 0.3290232698485684 7.358269270741564e-05 0.944321789272598 -0.00020196223063429075 -17.325079243884232 -1.8277291550081274 6.9997455750752655 1 00105.png

27 0.3364726953726383 5.88421111915251e-05 0.9416932088896166 -0.00014878660773407528 -17.470527507349264 -1.829877076236704 5.885629283015692 1 00110.png

26 0.34097098225706723 4.7405207332053684e-05 0.9400738137422586 -0.00010829350114934755 -17.549270592175713 -1.831418151896976 5.052007061038099 1 00114.png

28 0.3442830810640804 3.8038727056517006e-05 0.9388658868222058 -7.216392487175899e-05 -17.601698195860504 -1.8327052562540167 4.266159561801191 1 00118.png

29 0.34703923019691674 2.9182220913229373e-05 0.9378506117967942 -4.2486563603384455e-05 -17.64046927147803 -1.8337470193936438 3.340309512626235 1 00123.png

30 0.34810749906467686 1.819421256774251e-05 0.9374546222061277 -8.262744335883944e-06 -17.653819645375236 -1.8348671956127718 2.6463397287911947 1 00127.png

32 0.34800825809491315 4.472112327313995e-06 0.9374914672484362 3.337841777661488e-05 -17.653125750300376 -1.8361500682455218 2.000581067177489 1 00131.png

33 0.3459034212245878 -2.391614145717898e-05 0.9382701165250905 0.00010511487375463985 -17.6342261084529 -1.838333406476657 1.2751482803838528 1 00136.png

31 0.007732277962321732 1.3083915089172167e-05 0.9999701053979319 -4.0955538463289926e-06 -6.095585658374219 -1.9988533305640355 32.92986000470646 1 00140.png

34 0.007972753949536553 8.495288174201958e-06 0.9999682169897305 -1.151823072880998e-05 -6.112433688104226 -1.998441478419825 32.11458252824124 1 00145.png

35 0.008355836859108257 7.080794051867053e-06 0.9999650891601237 -2.0030780229393144e-05 -6.138787542205325 -1.9979512028014519 31.460664491972743 1 00149.png

36 0.008935318998711876 6.69166352306659e-06 0.9999600788103418 -2.855219933080731e-05 -6.177939003728249 -1.9974736175230217 30.804887492002898 1 00153.png

37 0.009955929839506125 6.767139710237988e-06 0.9999504377106955 -3.921001146680517e-05 -6.245414371120187 -1.996901588328137 29.982218599317807 1 00158.png

38 0.011084648038517952 7.083958959313569e-06 0.9999385619685416 -5.306566563598404e-05 -6.318365645401321 -1.9961646705128988 29.32083033956715 1 00162.png

40 0.013426987699813521 7.847981229611509e-06 0.999909848831402 -0.00010074562375622038 -6.4660187546498085 -1.9936214978697144 28.484129948249855 1 00167.png

39 0.016955932144940157 9.153056007574255e-06 0.9998562207106212 -0.00018489886761948325 -6.683108530494339 -1.9892234499880945 27.79628157610696 1 00171.png

41 0.023157707930436915 1.2028139564596968e-05 0.9997317717940364 -0.0003238584400852863 -7.055996118140799 -1.9821644779758174 27.076082464935602 1 00175.png

42 0.036416926511512314 2.038323861745476e-05 0.9993365315260476 -0.0005511855109444954 -7.831229000239731 -1.9711012472486147 26.098476523569914 1 00180.png

43 0.05192730797249436 3.264512594452906e-05 0.9986505995029851 -0.0007305705674931829 -8.71101431016147 -1.9628709521889514 25.23000365667832 1 00184.png

44 0.07123734177899163 5.071608051403687e-05 0.9974590289842312 -0.0008509183139573348 -9.772922235879172 -1.9578875719853555 24.27050625630694 1 00188.png

45 0.09858241306290301 7.588024394828201e-05 0.995128483973934 -0.0008958016652622194 -11.21788243431712 -1.956933838986499 22.949961961069224 1 00193.png

46 0.12138477462747314 9.3721291850412e-05 0.992605142784503 -0.0008707598484189009 -12.370015788844428 -1.9590021245153058 21.815324571023933 1 00197.png

47 0.1499574972875141 0.00011370281643117506 0.9886920896896434 -0.0008293757055391506 -13.742830517293271 -1.9619110653485106 20.319988200525366 1 00202.png

48 0.17260196729967467 0.00012934019933642536 0.9849913167255034 -0.0008063068607212235 -14.771933400701808 -1.963689738460395 19.071347373419798 1 00206.png

49 0.19503606937352255 0.0001450534552227741 0.9807957424937713 -0.0007887388118664598 -15.737588103330218 -1.9651531015545816 17.780117558034178 1 00210.png

50 0.22195801922519728 0.0001558800752145879 0.9750559378047684 -0.0007290779744827116 -16.821973479773625 -1.9684712885674496 16.136979071146712 1 00215.png

51 0.24201797054418409 0.00015682789522784816 0.9702715292781329 -0.0006609167565198695 -17.57348854860916 -1.9718545488864285 14.826330037128916 1 00219.png

52 0.2602236527655772 0.00014990955190401844 0.9655481834959789 -0.0005774219272861144 -18.21033078345178 -1.9757433655344632 13.54707285800752 1 00223.png

53 0.2802416167449511 0.00013743899141448329 0.9599293650178142 -0.00048117688594799605 -18.856023786239685 -1.9800979019149625 12.011563652786261 1 00228.png

54 0.2940232195397624 0.00012319163836311718 0.9557981835714885 -0.0004043225642162714 -19.263940268342367 -1.9834484169772353 10.84571616199448 1 00232.png

56 0.308414484676771 0.00010327375402683633 0.9512520144548824 -0.0003161828925055512 -19.653861176267093 -1.9871736592697953 9.479619657462155 1 00237.png

55 0.3178806613079531 8.694515504511633e-05 0.9481306941136401 -0.00025394201159766733 -19.88752630402758 -1.9897327294255525 8.457621537987329 1 00241.png

57 0.32549298183566694 6.87976287468495e-05 0.9455444344620438 -0.00019105095184589207 -20.06021779021416 -1.9922064802627337 7.504147382196858 1 00245.png

58 0.3327073217846383 5.096965666655689e-05 0.9430301260379917 -0.00012968329387124576 -20.2087944960005 -1.9945194110844746 6.4007379076492 1 00250.png

59 0.33715537961389025 4.473723857532529e-05 0.9414490092275596 -0.00010497828099787338 -20.291339399382398 -1.9954290088993902 5.569976805551692 1 00254.png

60 0.3412364733860581 3.7542498438643225e-05 0.9399774798826941 -7.165881690182044e-05 -20.359527310971856 -1.9965214346154223 4.59075184092017 1 00259.png

61 0.3435545008087255 3.269562216897546e-05 0.9391327387490825 -5.398806429952932e-05 -20.393994405124808 -1.9971112329635938 3.845771323782266 1 00263.png

62 0.34522041688150706 2.9884896050657854e-05 0.9385216360205916 -3.9953515540333414e-05 -20.416242454752393 -1.9975311089324053 3.1274467879338648 1 00267.png

63 0.34623336199794513 2.0621873042054325e-05 0.9381484202994153 -1.0200482185064108e-05 -20.42832784762782 -1.9984177729264556 2.2734578510778753 1 00272.png

64 0.3459334071055242 6.226577560428388e-06 0.9382590670821777 2.9114861588621333e-05 -20.42566903708468 -1.9995621896206683 1.6359848746402168 1 00276.png

65 0.007735606812658569 1.3441544953552774e-05 0.9999700796472704 -4.098364678716766e-06 -5.142890859801708 -2.781727109227887 32.90789119391898 1 00280.png

66 0.00797594964054533 8.554926928490194e-06 0.9999681915048416 -1.1518733710843301e-05 -5.159700645959697 -2.7812951174178444 32.092676842599424 1 00285.png

68 0.008358766237582825 6.902044825474038e-06 0.9999650646788487 -2.0029303299997037e-05 -5.186003646276779 -2.780788801463736 31.438791609700562 1 00289.png

67 0.009120134844841568 6.299134979080511e-06 0.9999584102148807 -3.0679978580049556e-05 -5.237256616153303 -2.780175203367554 30.618729599945627 1 00294.png

70 0.009964851002945677 6.3502768666510005e-06 0.9999503488509113 -3.9205919416389385e-05 -5.292930933455542 -2.7797044994767597 29.96031846111387 1 00298.png

69 0.01110422108782264 6.617058689356913e-06 0.9999383447640237 -5.385937326356751e-05 -5.366490235003302 -2.7788972349605294 29.298841211722824 1 00302.png

71 0.013485172531282064 7.4093617749989815e-06 0.9999090655803858 -0.00010313613600158068 -5.51638159957502 -2.77617833447663 28.461800021423404 1 00307.png

72 0.017087739545157972 8.85579745966789e-06 0.9998539757357946 -0.00019048395469534033 -5.737685946978257 -2.7714543302717907 27.773257814644936 1 00311.png

74 0.02348052841234143 1.1912325081879517e-05 0.999724238266649 -0.0003347622170186631 -6.121521207751028 -2.7638684802227362 27.050963233739182 1 00315.png

73 0.0369535915296083 2.0388669823542632e-05 0.9993168259994649 -0.0005594030031762752 -6.908246858679389 -2.752580598640684 26.070358546605757 1 00320.png

75 0.0524944521818827 3.323213673122997e-05 0.9986209496886794 -0.000728167994890248 -7.788728617407607 -2.7446193122319893 25.200691611091944 1 00324.png

76 0.07713511547356955 5.648314125150476e-05 0.9970202677005862 -0.00086980732663808 -9.13605972945306 -2.7386755931191287 23.98469925767833 1 00329.png

77 0.09920624806042337 7.607355758957197e-05 0.9950664896604224 -0.0008920277305397122 -10.295668844258017 -2.738604710117616 22.916849717763707 1 00333.png

78 0.12211024157110872 9.46496153086202e-05 0.9925161528310795 -0.0008753937907052696 -11.45137902266044 -2.7403778934474423 21.778482490608226 1 00337.png

79 0.15069536676830064 0.00011420421361267744 0.9885798940949615 -0.0008284824438195081 -12.822828194148562 -2.7436878749850364 20.28068728666504 1 00342.png

81 0.1733387732608848 0.0001298080903685732 0.9848619213665117 -0.0008054045778921138 -13.850185754949552 -2.7455595575715024 19.03042418187887 1 00346.png

80 0.20127010295137435 0.00014838281311916997 0.9795354594589543 -0.0007792964900719145 -15.041811743034625 -2.7476636281621536 17.410472509669145 1 00351.png

82 0.22271632714249054 0.000156688105339658 0.9748830084704617 -0.0007299784781770574 -15.897121559680208 -2.7504795805964477 16.091972434772757 1 00355.png

83 0.24264066327139236 0.00015541146527529498 0.9701160027605502 -0.0006523514293434038 -16.642041833735902 -2.7543849151855335 14.78443257898936 1 00359.png

84 0.2647347796498397 0.00014408751020613718 0.9643210993589973 -0.0005413073014869299 -17.407013714871795 -2.7596421610297983 13.203310638127016 1 00364.png

85 0.28018307533025366 0.00013382056069201294 0.9599464610301327 -0.00046727536092453187 -17.8997386007021 -2.7630841734155123 11.992433937249434 1 00368.png

89 0.29366951104379896 0.00012027645763556788 0.9559069244253361 -0.0003945282812166861 -18.29855503983193 -2.7663550072058003 10.837724986486913 1 00372.png

87 0.30786279868586647 0.00010295816388322517 0.9514307053238857 -0.0003155183287964567 -18.6829284825541 -2.769813182574724 9.479668101525903 1 00377.png

86 0.3173620989941896 9.027229195609342e-05 0.9483043921106273 -0.0002643418414079616 -18.91730063681534 -2.7720125869097245 8.456783328046605 1 00381.png

88 0.3270780676309517 7.325378738327024e-05 0.9449972971088474 -0.00020190507148182876 -19.135247642530892 -2.774570356382799 7.256813469875167 1 00386.png

90 0.33303893599815365 5.722233247065425e-05 0.9429130618211898 -0.0001472474499471467 -19.256202149127006 -2.776669902069365 6.366163650147319 1 00390.png

91 0.3378247241911186 4.941831313175206e-05 0.941209030699032 -0.00011753133049032438 -19.344629326064585 -2.7777921816825204 5.521588373049749 1 00394.png

92 0.34229540716139906 4.1553032623141486e-05 0.9395923827667209 -8.219679847282257e-05 -19.41880927544944 -2.7790030664689738 4.526267593631007 1 00399.png

93 0.34483134973800345 3.4610888650857526e-05 0.9386646555535461 -5.8774960494043204e-05 -19.456200891095044 -2.7798077500352747 3.772176060738609 1 00403.png

94 0.34656962911740674 2.9204881827894723e-05 0.9380242480315374 -3.775402911488937e-05 -19.479204405825918 -2.7804702105908645 3.050725982317081 1 00407.png

95 0.3474210927131001 1.6045182126058334e-05 0.9377092214940342 2.374843271267364e-06 -19.48940855430814 -2.781694477418789 2.2032545728600113 1 00412.png

96 0.34677196925160036 -1.4762437640101749e-06 0.9379494649876877 4.968398226322519e-05 -19.48344397053709 -2.783091583990741 1.580111957678957 1 00416.png

97 0.007755713070214452 1.3088137283949998e-05 0.9999699239087396 -4.62847573612342e-06 -5.664444411712797 -2.687645381713991 32.80251280146895 1 00421.png

98 0.007957574407570528 9.384917595699404e-06 0.9999683378990726 -1.099260583924802e-05 -5.678561986279412 -2.6872812188651136 32.15034642786966 1 00425.png

99 0.008330404548039284 7.671875978894724e-06 0.9999653013584237 -1.9502960194445348e-05 -5.704220226448252 -2.6867838577286234 31.496601196065868 1 00429.png

100 0.00907859123542333 6.948653303604571e-06 0.9999587882626403 -3.0153084213836612e-05 -5.754667800787336 -2.6861807108009366 30.676695855555035 1 00434.png

101 0.009919180030233074 6.879623778935333e-06 0.9999508029519163 -3.8678371895772795e-05 -5.810164438449405 -2.6857190198738894 30.018334405899374 1 00438.png

102 0.011390892190746788 7.151737420507948e-06 0.9999351199987021 -5.759455299289772e-05 -5.905076382444183 -2.6846964183586737 29.190977309462795 1 00443.png

103 0.013331655087851692 7.802888277507262e-06 0.9999111246963972 -9.808220840002021e-05 -6.0272240283272955 -2.682501870749029 28.52095068833931 1 00447.png

104 0.01680828092976735 9.08997054341287e-06 0.9998587141218259 -0.000182768179154404 -6.241213177077422 -2.6779951489699827 27.833833266380054 1 00451.png

105 0.025011262225825167 1.2958199414321414e-05 0.9996871042409556 -0.000360843856804526 -6.733076865382884 -2.6688368630040475 26.927878649485898 1 00456.png

106 0.035732939947084735 1.9633118431800547e-05 0.999361234311849 -0.0005291237815407974 -7.358986982303399 -2.660579876636993 26.143767134391744 1 00460.png

107 0.050810390382944694 3.1713593189297534e-05 0.998708063559172 -0.0007120430249678545 -8.21534242724619 -2.651998472357403 25.283120283417535 1 00464.png

108 0.07502364182864357 5.4116038729741644e-05 0.9971813831067643 -0.0008598973788838285 -9.543357185025798 -2.6458145086059863 24.07914122240755 1 00469.png

109 0.09696500707694321 7.396857061368173e-05 0.9952873866751976 -0.0008943469542366127 -10.700130618062417 -2.645136138813628 23.01893683831128 1 00473.png

110 0.12561386858559567 9.698197805247988e-05 0.992078823307029 -0.0008688838802433592 -12.143622591011244 -2.647497918169289 21.59374762827077 1 00478.png

111 0.14852825480713872 0.00011309183742638344 0.9889078066074555 -0.0008335256526631164 -13.241269601242486 -2.649971620807226 20.392873858262607 1 00482.png

114 0.17124679499339282 0.00012868101253248642 0.985227823366292 -0.0008091418950710687 -14.276904731656895 -2.651859905488736 19.145379680064178 1 00486.png

112 0.1993082479005525 0.00014794791846071669 0.9799365211981199 -0.0007841252145467 -15.48020716362928 -2.653861627819178 17.52706890654004 1 00491.png

113 0.22093816042493836 0.00015699531425984202 0.9752875271449385 -0.0007375744209901136 -16.347568744989477 -2.65650926373688 16.20655909001405 1 00495.png

115 0.24587239707721767 0.00015556472425690585 0.9693019798791325 -0.0006418391645755408 -17.277596289316232 -2.6612384763352273 14.56975879087167 1 00500.png

116 0.2635583723654039 0.00014601414669067916 0.9646432803832183 -0.0005519487944917881 -17.887835323209302 -2.6654171138276332 13.303018310198365 1 00504.png

117 0.27918819326893607 0.0001348959658939605 0.9602362787419186 -0.0004727897819331436 -18.38935716758364 -2.669019257861899 12.08688999241951 1 00508.png

118 0.29584522529034524 0.00011632209008916855 0.9552358072502628 -0.0003764160131848284 -18.88062157564343 -2.673249934885559 10.650243498279206 1 00513.png

119 0.3069791257964676 0.00010144606546514802 0.9517161914615337 -0.00031135813084203124 -19.18099448767844 -2.676043802719732 9.571700019118806 1 00517.png

120 0.31646717794452767 8.909810472515569e-05 0.9486034203618808 -0.0002611955115882343 -19.416864069618526 -2.6781772461673157 8.549788334544274 1 00521.png

121 0.3261753115554116 7.181679181624772e-05 0.9453092730353179 -0.00019821079038098282 -19.63649053551635 -2.6807263798404946 7.350649244069442 1 00526.png

122 0.33217320941898615 5.753330965812379e-05 0.9432183912374751 -0.00014854493573988366 -19.75929794507528 -2.682624154915899 6.458840472287137 1 00530.png

123 0.33810118676983986 4.854921561838726e-05 0.9411097556445014 -0.00011392342301418503 -19.86873238759867 -2.6839187368566453 5.405458446073265 1 00535.png

124 0.3417644921871246 4.480270932736935e-05 0.9397856252743046 -9.16546672080853e-05 -19.92926042188762 -2.6846592662608675 4.605732018502865 1 00539.png

125 0.3445063528560415 3.697980095491066e-05 0.9387839832534719 -6.527685664884401e-05 -19.97011043253233 -2.6855547983389103 3.8432509104228725 1 00543.png

126 0.34682442352725684 2.900741482625222e-05 0.937930070421011 -3.746456239150901e-05 -20.00071679950281 -2.686439925498474 2.9354725337002243 1 00548.png

127 0.3476218651767358 1.8658678935741628e-05 0.9376348108290379 -4.949282134921615e-06 -20.01008828784289 -2.687409503612258 2.2526970011420566 1 00552.png

128 0.34721193803775385 1.5791020287439804e-06 0.9377866859185235 4.237364866864571e-05 -20.00643466860255 -2.6887850857220457 1.6196955185443596 1 00556.png

129 0.6726356429296098 0.00010509701191342687 -0.7399738286497944 0.00011716933589802604 -7.410049208976379 -1.7906869612428904 31.789760860124822 1 00561.png

130 0.6681239847561538 0.00018275029021294092 -0.7440499081179685 0.00020451291643079706 -7.823941737488512 -1.791936192508485 31.056277306086002 1 00565.png

132 0.6602036597408032 0.00025389400361667207 -0.7510865326023936 0.00028938900873809226 -8.527988171811966 -1.7932059871313952 30.08715883218961 1 00570.png

131 0.652631270500323 0.0002741732073262464 -0.7576755559126861 0.00031869513447725596 -9.178037927293115 -1.793704912580238 29.27549364023571 1 00574.png

133 0.6444176609867096 0.0002764592640755489 -0.7646735865226197 0.00032841030305081535 -9.859397028217032 -1.7939383125548332 28.437449888034937 1 00578.png

134 0.6336853522052933 0.00026717657496161455 -0.7735907809248781 0.0003266269560251001 -10.7140194321853 -1.794038754545318 27.360326254446083 1 00583.png

137 0.6249250324270101 0.00025782488457416346 -0.780684656731329 0.0003226712197862956 -11.382417241519246 -1.794089129130538 26.479355112423637 1 00587.png

135 0.613871887719448 0.00024780738013027644 -0.7894055624471098 0.0003194320363063325 -12.189080436649949 -1.7941879892590757 25.357506850214776 1 00592.png

136 0.6049530600482634 0.00024239988605253448 -0.7962610338601999 0.0003199006453997496 -12.810647021668046 -1.7943274354353382 24.44426455487224 1 00596.png

138 0.595966019751327 0.00023796985894149094 -0.8030095536574419 0.00032156956143721346 -13.410944150379617 -1.7944969829607973 23.517501208375666 1 00600.png

139 0.5846708427774377 0.00023118662145860035 -0.8112705150382341 0.00032185130868703937 -14.129025482512782 -1.7946909131985673 22.341887073396382 1 00605.png

140 0.5756322579561114 0.00022476718912167759 -0.8177085974684135 0.00032047823597543116 -14.674857463124335 -1.7948267801914393 21.38991021100648 1 00609.png

141 0.5666259821798176 0.00021789206317726615 -0.8239750285249587 0.00031813377550193866 -15.193566332022176 -1.7949526144361836 20.429641093790703 1 00613.png

142 0.5554259762405516 0.0002099867358939127 -0.831565897030418 0.0003157828322926346 -15.803864439997525 -1.7951283972221874 19.21920224445273 1 00618.png

143 0.5464919835908738 0.00020511463804880636 -0.8374642500176335 0.00031581846070153854 -16.263300496448068 -1.795312878401496 18.24289981774519 1 00622.png

144 0.5352991581835613 0.00020057917361990406 -0.8446624591034092 0.0003181153048691395 -16.805015049771825 -1.79559991105308 17.011438571504648 1 00627.png

145 0.5262808610579667 0.00019800063192498555 -0.8503107153482479 0.00032162678040139735 -17.21445181249599 -1.7958753147772446 16.01633981200364 1 00631.png

146 0.5171850221384304 0.00019563936114821835 -0.855873535400368 0.00032557977003195866 -17.603365595623746 -1.7961716165035668 15.01205820718954 1 00635.png

147 0.5056212053948944 0.00019543801912190104 -0.8627554960576179 0.00033538242099482495 -18.063527628107884 -1.7966704666387487 13.74099734603853 1 00640.png

148 0.4960249468888603 0.00020074332729369838 -0.8683081751494814 0.00035317785499597537 -18.41693311595495 -1.7973255372456203 12.70426410873162 1 00644.png

149 0.48585634189409255 0.00021237648195986635 -0.8740385706749912 0.00038328832337970303 -18.7643062282106 -1.7983174090578957 11.63906732154507 1 00648.png

150 0.47184680288371966 0.00023650431098313135 -0.8816804090402426 0.0004415753092301608 -19.1997079721327 -1.8001621573017301 10.246643687488838 1 00653.png

151 0.4592237312284647 0.00025825672666697903 -0.8883204660648506 0.000497544366534231 -19.552204560491212 -1.8019703779087675 9.067411677259791 1 00657.png

152 0.44207309423847707 0.0002648070385459409 -0.8969788318816315 0.000533276583582278 -19.97522432113511 -1.8034438874791499 7.527168120857714 1 00662.png

153 0.4279152631649844 0.0002517578422356779 -0.9038186687567719 0.000527423139303406 -20.277910800781125 -1.8037133449168428 6.270102000688525 1 00666.png

154 0.41375123044366596 0.0002361485893854256 -0.9103898057168847 0.0005149630754767791 -20.539255677447084 -1.8037994861375222 5.008296951015899 1 00670.png

155 0.39653405338658726 0.00020366471438515338 -0.9180198711389762 0.00046820878314226747 -20.801844780727222 -1.8029497726569867 3.447616998189874 1 00675.png

156 0.38525492853864857 0.00012891156604075032 -0.9228101246259034 0.0003119397600247678 -20.94106657918377 -1.7985299419516287 2.3050212198564015 1 00679.png

158 0.37850133643355827 -2.063484920096965e-05 -0.925600743453802 -4.012458575656043e-05 -21.011308458845527 -1.7876937408554725 1.1958973850593857 1 00684.png

157 0.38110644091926077 -0.00015427017186588613 -0.9245310820120877 -0.0003678099054245806 -20.994841427039674 -1.7770355395955677 0.6594279280014401 1 00688.png

159 0.39018479725335076 -0.00024801737507898486 -0.9207363447737226 -0.0005881262347837389 -20.933735098233335 -1.7693659355876703 0.40874423927814796 1 00692.png

160 0.40682254046802335 -0.00029159975655344817 -0.9135069212505904 -0.0006635992713841502 -20.82321514321412 -1.7660173206209677 0.3311396713104884 1 00697.png

161 0.673819989857987 0.00010323166771021976 -0.738895525350211 0.0001150149590590743 -7.200365893781571 -2.0117587833322514 32.048643560882624 1 00701.png

162 0.6692346751518369 0.00018677180622347572 -0.7430510555840522 0.00020853329134910958 -7.624623816900131 -2.0130397217328553 31.31498876611849 1 00705.png

163 0.6612013079717818 0.0002552001414952844 -0.750208425030759 0.0002902105456510127 -8.345167365612022 -2.014217847655349 30.345413895938872 1 00710.png

166 0.6536849477307316 0.00026833973922853665 -0.7567666881492924 0.0003111456360148913 -8.996454118710762 -2.01458473747454 29.53638563041642 1 00714.png

164 0.6436018549838134 0.0002634012068089007 -0.7653603624816101 0.00031372474748335677 -9.837350013585414 -2.0147323011581193 28.49300225045414 1 00719.png

165 0.6352891949432529 0.00025395450414772354 -0.7722742250148742 0.0003093107482568472 -10.503229282297553 -2.0147659450416313 27.63829761653277 1 00723.png

167 0.6268916346940323 0.00024434043346260794 -0.7791063637355503 0.00030436025475135195 -11.151315760813496 -2.0147984628418305 26.769066876542425 1 00727.png

168 0.616319493569822 0.00023574446549283324 -0.7874961174889467 0.00030201029822389427 -11.932630629472158 -2.014905992176436 25.663884443647923 1 00732.png

170 0.607788234554548 0.00023147457250745639 -0.7940990595415792 0.00030330144619307057 -12.535466327542796 -2.0150498382913935 24.765002051566 1 00736.png

169 0.599200685733048 0.00022689148282793324 -0.8005987723304373 0.00030410573283311493 -13.11780619507226 -2.015195207543931 23.85374764635983 1 00740.png

171 0.5884426910744665 0.00021979518750267276 -0.8085388420867996 0.00030306443677000235 -13.8132169225562 -2.015355125041785 22.69977006382241 1 00745.png

172 0.5798631115825568 0.0002131567267581943 -0.8147138368840575 0.0003006321048622181 -14.340938198434298 -2.015463043717508 21.766871579253205 1 00749.png

173 0.5691983188122643 0.00020524957445982114 -0.822200184315489 0.0002977339080769347 -14.963985003575777 -2.0156076003245222 20.590609437875038 1 00754.png

174 0.5606693133420244 0.00020154000250241136 -0.828039727949117 0.0002989919107119827 -15.436183825765628 -2.0157948066925524 19.640734106431832 1 00758.png

175 0.5521047732885939 0.00019857116197679283 -0.8337746632596394 0.0003013100049125165 -15.887362967039728 -2.0160102486471874 18.68219914810591 1 00762.png

176 0.5413221783228404 0.00019522243729052472 -0.8408151807932526 0.000304781274277869 -16.42312123336139 -2.016304355701471 17.47150942740792 1 00767.png

177 0.5326206757936953 0.0001926130941395209 -0.8463539944541314 0.00030771545207984103 -16.829654934102418 -2.0165538179145206 16.492870736279563 1 00771.png

178 0.5215701205782179 0.00019250755187476398 -0.8532083403278369 0.00031663209527510905 -17.31325737591175 -2.0169935760511715 15.254483180818093 1 00776.png

179 0.5124191822504857 0.00019766999667995014 -0.8587353677502684 0.0003328109480300945 -17.686675461233893 -2.017566741241806 14.245286586504102 1 00780.png

180 0.5027239433778974 0.00020988752437445696 -0.864446910829416 0.00036202110917083656 -18.056522724642058 -2.018469182402558 13.20895545535302 1 00784.png

181 0.48915383406454416 0.00024047693327353058 -0.8721973888999572 0.00042847041651741216 -18.53224056047307 -2.020387168340551 11.84699223853449 1 00789.png

184 0.4767991550127732 0.000267526807977351 -0.8790120894350693 0.0004907499427889204 -18.926221960552333 -2.0222550484085846 10.688964570189016 1 00793.png

182 0.4630106205886593 0.00028788603838009766 -0.886352516796154 0.0005461802421774788 -19.325377585998233 -2.0240559077775475 9.4643709839515 1 00797.png

183 0.4442693246922506 0.00029216528854135513 -0.8958930420226325 0.0005822648618910137 -19.80375165653701 -2.0255526428319794 7.859865852031198 1 00802.png

185 0.4287644948583362 0.00027611347381527817 -0.9034160735140538 0.0005743053848963782 -20.146037183241855 -2.025810535258382 6.5466004499771415 1 00806.png

186 0.40942341849318703 0.0002522431750008762 -0.9123442847948146 0.0005538636759367578 -20.506247813547468 -2.0258444602433148 4.898878038874665 1 00811.png

187 0.3946212049766636 0.00021536129396290395 -0.9188437368572823 0.0004954194431592921 -20.732643092826024 -2.0246056063696005 3.6051728887832777 1 00815.png

188 0.3828198391930725 0.00012497353519148074 -0.9238229608616069 0.0003034579041033756 -20.88241153666028 -2.019247748035536 2.43923831741575 1 00819.png

189 0.3767693634714747 -4.6558433805829214e-05 -0.9263070945942137 -0.00010529025843625619 -20.948827935184113 -2.0069062206602646 1.360216714338799 1 00824.png

191 0.3805628381849209 -0.00018070858329496503 -0.9247549426859699 -0.0004353331072148247 -20.92176234066374 -1.9963561996682069 0.8759962045774863 1 00828.png

190 0.3937455638774215 -0.00027521845265073784 -0.9192191976452603 -0.0006495090903311512 -20.82579454669506 -1.9888197137443273 0.6443935579952385 1 00833.png

192 0.40761949890500754 -0.0002904715299266009 -0.9131515885298553 -0.0006603818005914144 -20.724987762029606 -1.9877896883789374 0.607840316952549 1 00837.png

193 0.6727677656719672 0.00010463826630758827 -0.7398537077656664 0.00011674321495632996 -4.819674869363367 -3.3307773858560945 31.826776167861155 1 00841.png

194 0.6668282395385898 0.00020333513173771586 -0.7452113831133466 0.0002282257267959076 -5.362218435892592 -3.330875353672093 30.903831474742244 1 00846.png

196 0.660292666755978 0.00025422927133971623 -0.751008285979089 0.00028980425701950204 -5.941491627348693 -3.3310020740208373 30.123849658698134 1 00850.png

195 0.6527321050992504 0.0002736876314255194 -0.757588689778768 0.00031809915333010547 -6.591150873667768 -3.3311499123699786 29.312603434784386 1 00854.png

197 0.64247357784319 0.00027188972959650077 -0.7663077204418327 0.000324716164229386 -7.4394854838618745 -3.3313333038304886 28.26340860910297 1 00859.png

198 0.6339436153716946 0.0002641552086766251 -0.7733791557711202 0.00032275414813863685 -8.116686543799567 -3.3314803418936494 27.401715648667707 1 00863.png

199 0.6231054381758718 0.0002525669617443404 -0.7821377424624976 0.00031771253094498497 -8.941147246916309 -3.3316653150728883 26.30196027559607 1 00868.png

200 0.6143598237562381 0.00024513079447005445 -0.7890258850265099 0.0003156314789758326 -9.577549103372164 -3.3318254283813897 25.406178500517978 1 00872.png

201 0.6055379633457599 0.00024012273198590389 -0.7958163212296819 0.0003164689536477038 -10.193804552347569 -3.3320052876052553 24.496423532151834 1 00876.png

202 0.5944192853629956 0.0002344007610981521 -0.8041551821959827 0.0003181071749766051 -10.934457257795534 -3.3322452963550173 23.3407243765567 1 00881.png

203 0.5854808640499987 0.00022896720507998357 -0.8106861317427305 0.0003181277955597686 -11.501233310557794 -3.332442195420966 22.402885353365626 1 00885.png

204 0.5765450051302745 0.0002226708102346099 -0.8170653016446736 0.0003167417570048043 -12.04268495914539 -3.332638750273487 21.455227576462928 1 00889.png

205 0.5654146238079337 0.00021455998657489566 -0.8248067400143471 0.00031428498254115593 -12.682276516532482 -3.332887263419995 20.259081993098313 1 00894.png

206 0.5565369850571789 0.0002087812648772877 -0.8308227504498873 0.00031306346513204793 -13.164967086206753 -3.333096957308538 19.29360672530099 1 00898.png

207 0.5454382361313724 0.00020340714021916631 -0.8381509354230285 0.0003140715439700314 -13.734517686212351 -3.3333858561315046 18.075825739060996 1 00903.png

208 0.5364975309918831 0.00020103361818243546 -0.8439018057878909 0.0003178254783184338 -14.166275408932236 -3.3336521470278804 17.091282141168286 1 00907.png

209 0.5274894095211273 0.00019832031597508785 -0.8495615224326357 0.00032111376019009234 -14.57731510176481 -3.3339263397506236 16.09752254806944 1 00911.png

210 0.5161094546534083 0.00019563992082047567 -0.856522554245375 0.0003265139528055907 -15.062703260741918 -3.334299603540355 14.84200371266158 1 00916.png

212 0.5068126316909494 0.00019671375038571344 -0.862056149238618 0.00033648488828726727 -15.431634971353947 -3.334679199493429 13.823535697150595 1 00920.png

211 0.4946562295369579 0.0002056087623925022 -0.8690886264638242 0.000362845064074187 -15.877646860016384 -3.335369775530271 12.52139260853308 1 00925.png

213 0.4840715465516833 0.00022456585178137707 -0.8750282978707574 0.00040658903696399166 -16.233770692843414 -3.3362894232979463 11.438748842417116 1 00929.png

214 0.4723408131290061 0.0002475282443512389 -0.8814158395497965 0.00046127337323451995 -16.59592351942338 -3.337459708644638 10.303274135222058 1 00933.png

215 0.4559673454839701 0.000267146652566575 -0.8899963141092138 0.0005189961286587262 -17.04871354125179 -3.338921166328623 8.804010999448735 1 00938.png

216 0.4418862787751755 0.0002676600886752862 -0.8970708744231546 0.0005396758115903556 -17.392017631641977 -3.339783140476322 7.556072685421966 1 00942.png

217 0.427474606328842 0.0002548155520080964 -0.9040271621416291 0.0005349048405878545 -17.70087180811951 -3.340239591167946 6.288254278408439 1 00946.png

220 0.40947894725474143 0.00023472531945161972 -0.9123193890837648 0.0005186144998930686 -18.0268789090479 -3.340620857217696 4.697869732537326 1 00951.png

218 0.3956578891825265 0.00020224217150400657 -0.9183978305693464 0.0004675802065927338 -18.23311422528827 -3.3401171691412266 3.4467087934897886 1 00955.png

219 0.3822977125650057 9.778636886692106e-05 -0.924039171388599 0.00024319716661080695 -18.396304695881312 -3.3358946661155207 2.0497861820552945 1 00960.png

221 0.37797844382707885 -3.081472788521678e-05 -0.9258143933862398 -6.365046208083885e-05 -18.442477308648026 -3.329318773888683 1.2089727337590013 1 00964.png

222 0.38109843427791545 -0.0001651513599103623 -0.9245343700998306 -0.000393217572177217 -18.42368556160859 -3.3217280708195642 0.6943713002714027 1 00968.png

223 0.3936568263799107 -0.0002673303219398318 -0.919257220634816 -0.0006276063648566738 -18.339143961364243 -3.315737981834557 0.43430558984830725 1 00973.png

224 0.40731938445584265 -0.0002898314552559124 -0.9132854994645204 -0.0006568957925058259 -18.24669765455087 -3.3144863251150527 0.38809035856967355 1 00977.png

226 0.6722688676393357 0.00010748895900866657 -0.7403070604005034 0.0001198758300531725 -7.120417718189788 -2.8927451840776017 31.803492467767132 1 00981.png

225 0.6663023984805212 0.0002015724271612524 -0.7456815820841489 0.000226468854014895 -7.665079503148779 -2.894094692738689 30.879184165787763 1 00986.png

228 0.6598050155351236 0.0002500449546029408 -0.75143675550131 0.0002853662220016577 -8.240382362776216 -2.894889695222948 30.09913474983906 1 00990.png

227 0.6504116133817777 0.0002673357518930073 -0.7595818349232042 0.0003126730036025472 -9.043271536932078 -2.895339743761435 29.083494942166162 1 00995.png

230 0.6423275499186585 0.00026453982495240234 -0.7664301329349282 0.000316170084752244 -9.708294967064967 -2.8954800736328026 28.244922352932143 1 00999.png

229 0.6339852220926584 0.00025675871617559474 -0.7733450547826788 0.0003138252057655863 -10.370206929185365 -2.8955527366068106 27.38767373072437 1 01003.png

231 0.623363641325694 0.00024693497587821133 -0.7819319748561535 0.00031047358135561775 -11.17796564279441 -2.8956493382562454 26.293775848438898 1 01008.png

232 0.614778003661473 0.000240551383662635 -0.7887001030907692 0.0003094085578966199 -11.80278267194219 -2.8957577415990534 25.402851837133586 1 01012.png

233 0.6039417523898657 0.0002346578725248202 -0.797028360970243 0.0003105881984812764 -12.556197733540564 -2.895941895580446 24.270269059396693 1 01017.png

234 0.5952006346788765 0.0002304323578861316 -0.8035770367386841 0.00031209784729302465 -13.135849896642984 -2.896108109886446 23.349911170282617 1 01021.png

235 0.5864065269672342 0.0002260535838818838 -0.8100168120804535 0.00031333212892809795 -13.694135630872353 -2.896280431297211 22.417683978355715 1 01025.png

236 0.5753732492338974 0.000219761540923442 -0.8178908713503837 0.0003135802965950738 -14.359820750340294 -2.896487379517383 21.237575206730995 1 01030.png

238 0.5665219652895841 0.0002148341337796707 -0.8240465510136556 0.00031377256247921444 -14.866261300426512 -2.8966617245013615 20.282559121804425 1 01034.png

237 0.5576263284716233 0.00021157077989643954 -0.8300920027162447 0.0003163219819173914 -15.350789983904766 -2.896885121330748 19.317622901102713 1 01038.png

240 0.5464209455657585 0.00020756153084634964 -0.837510599934855 0.00031962789646932657 -15.926840343920563 -2.897181479374413 18.097343245395894 1 01043.png

239 0.5373822228621947 0.00020451753267594663 -0.8433387223912701 0.00032255189631533903 -16.36409185143126 -2.897435934222353 17.110129173623477 1 01047.png

241 0.5259739838207995 0.00020124559587458268 -0.8505005707383454 0.00032713550137236197 -16.881617038533406 -2.8977869391561035 15.862400936135678 1 01052.png

242 0.5166931694104143 0.00020100623410837238 -0.8561705531958423 0.0003348453970871247 -17.274818609970964 -2.8981653015871003 14.85114123950845 1 01056.png

244 0.5071327420978897 0.0002048269126426917 -0.8618678654923876 0.0003498139601763165 -17.654351486422495 -2.898717488398597 13.822921400949092 1 01060.png

243 0.49438991380968034 0.0002208931835404317 -0.8692401352483724 0.00038936210621949834 -18.121331768283056 -2.8999214496236907 12.497813266313742 1 01065.png

245 0.4831790000526343 0.00023934167435862267 -0.87552144950236 0.00043368765951739684 -18.497562185088267 -2.9012412064170325 11.38976878799798 1 01069.png

246 0.4708491522080785 0.00025850722002008516 -0.8822135657907785 0.000483087643128238 -18.87644306909968 -2.902760059267219 10.229346959700312 1 01073.png

248 0.4538770491750037 0.00027264217066405154 -0.8910641204164078 0.0005321700590100413 -19.34227500622797 -2.904469250059946 8.704376685532658 1 01078.png

247 0.4394170829455838 0.0002709592671831067 -0.8982829462268779 0.0005498314555421525 -19.69097135524419 -2.905362280800372 7.439705260509926 1 01082.png

250 0.42107477438506913 0.0002509248227485752 -0.9070257350709703 0.000536033825904338 -20.071798086790828 -2.90557497073202 5.839223513868325 1 01087.png

249 0.4064677207271734 0.00023377854291866423 -0.9136649636696199 0.0005210729712252253 -20.326316204485295 -2.905626287751831 4.556677768835664 1 01091.png

251 0.39279017960937335 0.00019202754767168518 -0.9196279881812719 0.0004486440946193723 -20.52627005379147 -2.9039953699605907 3.3111212981315585 1 01095.png

252 0.3805989540582865 6.959189999875347e-05 -0.924740179578446 0.00017776368856518523 -20.6729494563448 -2.8964341240380906 1.9646455680567279 1 01100.png

253 0.3779831239597702 -6.590580654344691e-05 -0.9258124709203196 -0.00014948728977102918 -20.70263947976995 -2.8866408494022466 1.1984356535298542 1 01104.png

254 0.3848770035227235 -0.00021401919437698933 -0.9229677061043244 -0.0005097486391668173 -20.654594122734355 -2.875174633904844 0.6876840192912397 1 01109.png

255 0.3962917142087277 -0.00027369814090688485 -0.9181243897231521 -0.0006382274870429223 -20.57434728680647 -2.870546255702097 0.540802899231327 1 01113.png

256 0.41018387709467924 -0.00028734113144316526 -0.9120025698036474 -0.0006458159140962726 -20.476381682982918 -2.869657354938665 0.5050999384972314 1 01117.png

257 0.9925212616509936 0.0005574406516573107 -0.12207059447958572 6.628755638288301e-05 -8.608901005373433 -2.878902836425954 29.147802338218263 1 01122.png

258 0.9899539283367645 0.0008848145591565732 -0.14138747460791679 0.00013746926854503794 -9.826696836464293 -2.8973948331863895 28.102257839004036 1 01126.png

259 0.9860967467988999 0.0010842399213218826 -0.16616855603026542 0.0002033795358720117 -11.339727109972285 -2.9079833511563686 26.877996176932026 1 01130.png

260 0.9798056777121221 0.0010710306496038563 -0.199949066486606 0.00024005743337244823 -13.315542390827074 -2.906061840120769 25.16069953302356 1 01135.png

261 0.9738865159473815 0.001006172313581543 -0.2270329870067245 0.0002539369022344439 -14.82169570334602 -2.901615462467062 23.683984744407468 1 01139.png

263 0.9655509551612211 0.0009456190202537717 -0.2602121918620346 0.00027202624471089925 -16.56335872819229 -2.8974125640967245 21.738773261887363 1 01144.png

262 0.9582630246444949 0.0008869329336798703 -0.2858865346433341 0.0002797477093932041 -17.82709780696686 -2.8936406513153226 20.12443986040857 1 01148.png

264 0.9509543521761167 0.0007575572586878349 -0.3093302120743506 0.0002570648551507709 -18.912154988073844 -2.886179331075382 18.528802927941413 1 01152.png

265 0.9430492613697085 0.0004787565312360544 -0.33265271981146916 0.00017153502104034056 -19.919102645987323 -2.8708896344485013 16.715057110630926 1 01157.png

266 0.9382296506670579 0.00030004977921302607 -0.3460130351355329 0.0001099799845772579 -20.456412984535625 -2.861296910932717 15.464404784412324 1 01161.png

267 0.9334760812424016 0.00022251574696270605 -0.3586395811948573 8.387758330783779e-05 -20.930005287930012 -2.857078070861112 14.066579257730943 1 01166.png

268 0.9301123971919297 0.0002284036676315189 -0.3672749223178113 8.864588241125319e-05 -21.23152060163896 -2.8571911205277933 13.007187014920998 1 01170.png

269 0.926708608255508 0.00026791082871536917 -0.37578061695081394 0.00010739177281845555 -21.509604344581206 -2.8589410052774316 11.947386743389668 1 01174.png

270 0.9222518171256948 0.0002977255106799934 -0.38658955227751984 0.00012344124532032863 -21.836615164285405 -2.860103340549267 10.60537400169795 1 01179.png

271 0.9185561956692122 0.000307846625272679 -0.3952902775331936 0.00013082771076064665 -22.07823438803069 -2.8603490108553142 9.522172111203439 1 01183.png

272 0.9146503016058923 0.0003261964269012687 -0.40424583989699714 0.00014245740575584748 -22.306464544260656 -2.860976632864227 8.419955490964586 1 01187.png

273 0.9094419681469316 0.00034198726319895946 -0.41583069353586916 0.0001546972050594996 -22.571389682500836 -2.861418318729331 7.01343920603148 1 01192.png

274 0.9050724667946582 0.0003419288014693063 -0.4252572018060613 0.0001588930634127308 -22.761841892149405 -2.861191509390953 5.872923153191657 1 01196.png

275 0.8994979491747332 0.0003315120878753187 -0.43692482673337285 0.00015910435784631419 -22.96583417376289 -2.860461852614227 4.444833475986416 1 01201.png

276 0.8950698079292446 0.0003064609543568062 -0.44592591581675867 0.00015039339633970595 -23.098722948236343 -2.8591614085127306 3.3139330922150467 1 01205.png

277 0.8912703443736189 0.00021185501158811686 -0.4534722895973065 0.00010452254191997822 -23.193435115807862 -2.854883992506607 2.25707992328641 1 01209.png

278 0.8892014696045402 -6.419783387723902e-05 -0.4575158368019095 -3.751283407792784e-05 -23.239231784104348 -2.8430776781482217 1.225945063786341 1 01214.png

279 0.8909942275502594 -0.000352658222752927 -0.45401445870682294 -0.00018272779026742308 -23.214997857581768 -2.8313887669160107 0.7682441514974627 1 01218.png

280 0.8957469506779724 -0.000576819722437882 -0.4445638152052485 -0.0002860773949124678 -23.1465783884667 -2.823001158655513 0.6328401072749301 1 01222.png

281 0.9041000711230371 -0.0006755430317088388 -0.4273201434566377 -0.00031628014509747234 -23.017925259653033 -2.82026428774797 0.7483216875180752 1 01227.png

282 0.9110625407947572 -0.0006221415831098568 -0.41226760938799617 -0.0002791951977614287 -22.899654902253218 -2.8230948043436834 0.8968211441420753 1 01231.png

283 0.9191273587191813 -0.0005407749698726634 -0.3939600903211818 -0.0002307606114575029 -22.750701846262796 -2.8269241291528626 1.0414340703594647 1 01236.png

284 0.9245738558139848 -0.0003994248362223116 -0.38100262189640915 -0.00016647258981731912 -22.642272230330306 -2.8322975877675787 1.0592832743769343 1 01240.png

285 0.9271427586589696 1.4042960222922302e-05 -0.3747082930347699 -1.1449976558447584e-08 -22.586464358145797 -2.8461746313929375 0.7291191990693306 1 01244.png

286 0.9237276989266815 0.000716200388955471 -0.3830489996210979 0.00029863338254716037 -22.625174976951715 -2.868719735394328 -0.5099085580169351 1 01249.png

287 0.9158262431612589 0.0010679321673030422 -0.4015730578926999 0.00048065863857704245 -22.675885084520203 -2.879681561594221 -2.107389586037405 1 01253.png

288 0.902429543932913 0.001077698514717401 -0.43083578793344 0.0005297534499464703 -22.63928039760662 -2.8795882925427843 -4.431287007081027 1 01258.png

289 0.9926130047841912 0.0005569509769895608 -0.12132233192832814 6.568394873727196e-05 -11.117212269606814 -2.7893076660900733 29.17226005977699 1 01262.png

290 0.9901157558495935 0.0008658854334021186 -0.14024985742962387 0.00013323578508353854 -12.311627324043531 -2.8089400785328777 28.137242025897944 1 01266.png

291 0.9851611181455934 0.0011139136312998306 -0.1716283293170868 0.00021694785512346143 -14.220114293939183 -2.824163205366271 26.589727269295288 1 01271.png

292 0.9799548087629203 0.0010986977753756038 -0.19921672823622216 0.0002466505253646057 -15.827162569725242 -2.822588761525973 25.193419143452278 1 01275.png

293 0.9739352549827389 0.0010329017951263152 -0.22682368398561556 0.00026191369259822374 -17.363683916005176 -2.8179159713370114 23.703122954546384 1 01279.png

294 0.965444208868967 0.0009645164027638047 -0.26060788806565927 0.00027919068755760125 -19.13787735508813 -2.813118738330923 21.73784005959924 1 01284.png

295 0.9580057189461705 0.0009040798823985323 -0.2867475240315914 0.00028734604425421326 -20.424203955156646 -2.8090384043514196 20.104770571356912 1 01288.png

296 0.9488462965189443 0.0007019817176090814 -0.31573747597099205 0.00024304612555937867 -21.755365408838905 -2.796104944511408 18.11173989223694 1 01293.png

298 0.9427264769012415 0.00046486701738050583 -0.3335664036542045 0.0001673356798036653 -22.517682078974154 -2.7811873472379096 16.689186064621673 1 01297.png

297 0.9380049610364251 0.00028240638134605106 -0.3466216993892625 0.00010406819961105522 -23.04242347137126 -2.769829019164852 15.451134240780085 1 01301.png

299 0.9334456997038514 0.00019377856689919477 -0.3587186680557256 7.309295800189766e-05 -23.496467605561204 -2.764288395956967 14.077326597094661 1 01306.png

300 0.9302516168044532 0.00021453618302354817 -0.36692216671583117 8.354332147578513e-05 -23.783053368192004 -2.7653775620304377 13.038334526023322 1 01310.png

301 0.9269828232741746 0.0002588339036269882 -0.37510367574005626 0.00010395166948752592 -24.051099585886497 -2.767808130126384 11.994471996154306 1 01314.png

302 0.9227279040740749 0.00028604720780598536 -0.38545183767751234 0.0001185372862219027 -24.36537348561162 -2.769142279217477 10.675829291380616 1 01319.png

304 0.9191750686437181 0.00030001669451997886 -0.3938490661847078 0.00012743324737697834 -24.59979555380989 -2.769742912802515 9.608651747683398 1 01323.png

303 0.914392734381844 0.00032736654727963995 -0.404828111025332 0.00014375152151275186 -24.878341918780592 -2.7710403835977107 8.24224795572245 1 01328.png

305 0.9102092255101741 0.00035062538459020866 -0.41414854551034713 0.00015846031826545126 -25.090496478628776 -2.772147078621319 7.1148571105095595 1 01332.png

306 0.9057793901977883 0.0003563543165698316 -0.4237493856937081 0.00016561620901647407 -25.28627802313445 -2.7722785810892256 5.966582629111455 1 01336.png

307 0.9001070135074309 0.0003429434508663033 -0.4356687038251131 0.0001647175424387245 -25.496857752547186 -2.7713277844115463 4.526674622159527 1 01341.png

308 0.8955489886088761 0.00032480847747991964 -0.4449627826391989 0.00015989700783438794 -25.635376745323367 -2.770185870992577 3.381044321952748 1 01345.png

309 0.8906608623309775 0.00020609794299388282 -0.454668203578235 0.00010242274226290127 -25.755734683634994 -2.763632535178228 2.045547684875764 1 01350.png

311 0.8888373344347903 -1.7238712409684027e-05 -0.45822286330390943 -1.2776939155132964e-05 -25.794260506248765 -2.751753551201264 1.2031453401303427 1 01354.png

310 0.8901601327330038 -0.0003156773992667659 -0.45564768344000117 -0.00016436636178626443 -25.778082062659998 -2.7364706147093534 0.6949585300822285 1 01358.png

312 0.8960785475875275 -0.0005973072395412452 -0.4438950247383786 -0.0002946014308105311 -25.69577255223313 -2.7231026471010935 0.5223863971547171 1 01363.png

313 0.9028270621786899 -0.0006760461811342802 -0.4300031831029176 -0.0003182463132624723 -25.595559231425753 -2.7202704994015514 0.620398633767234 1 01367.png

314 0.9098516026354972 -0.0006307507216423116 -0.4149332267718573 -0.00028399971571238574 -25.481364739934882 -2.723412646221427 0.771564424930423 1 01371.png

315 0.9180046086374969 -0.000543905704818147 -0.3965692732673191 -0.00023278129390760915 -25.336664434344527 -2.7284372715268015 0.9212506398215883 1 01376.png

316 0.9236864537475333 -0.00043087697964305836 -0.3831489496860215 -0.00017850163311224036 -25.2279518894519 -2.7340639175936876 0.9646454094848025 1 01380.png

318 0.9269655739555662 6.704291883764915e-05 -0.375146397670302 2.2835723091368358e-05 -25.1590791131472 -2.7554426662849787 0.5595749396046124 1 01385.png

317 0.9244068839746569 0.0006392163590909287 -0.3814071761937006 0.00026497294007009857 -25.187864940782553 -2.779178986719077 -0.41080369402779304 1 01389.png

319 0.9170717174882869 0.0010447788044179822 -0.39872064832850546 0.0004669227234804869 -25.239034573506018 -2.7959401004647306 -1.9459411641929645 1 01393.png

321 0.9038195912856755 0.0011120619210626935 -0.4279119230739457 0.0005438911986322229 -25.212120928145353 -2.798749975290505 -4.264337744500271 1 01398.png

322 0.9926537371633511 0.0005533456730727396 -0.12098862589505556 6.563707140273771e-05 -9.213786398532708 -2.1290044872988942 29.2265301710705 1 01402.png

320 0.990115527535909 0.0008890513971297676 -0.14025131961521115 0.00013808002573383147 -10.431664204198658 -2.148655616779692 28.185253631244414 1 01406.png

324 0.9851877882497186 0.0010907184295383164 -0.17147532555865283 0.00021199407757117398 -12.334871509011679 -2.1595974407044736 26.641498867890267 1 01411.png

323 0.9801210161315226 0.0010647173398139087 -0.19839758959195822 0.00023782009723130937 -13.906400695514304 -2.15722708123417 25.26387236493475 1 01415.png

325 0.9727270632449851 0.000983133438568823 -0.23195048902567109 0.00025400822942147315 -15.767691494091572 -2.1515970522241727 23.419881518476508 1 01420.png

326 0.9660845249836444 0.0009400070420866864 -0.2582241938010131 0.0002696473699749635 -17.143335306877603 -2.148533200812125 21.86786196849541 1 01424.png

327 0.9589187268161912 0.0008796306094259781 -0.2836794410033381 0.00027633899385531954 -18.402610517135706 -2.1445982675384325 20.267413098384516 1 01428.png

328 0.9500541546125215 0.0007023982590710348 -0.31208420679876053 0.00024043078200630303 -19.715361356199928 -2.1341165624051253 18.30759053918751 1 01433.png

329 0.9438070416430182 0.0005171213586359378 -0.33049654497121667 0.00018572195111257546 -20.50762719464265 -2.1235090636131355 16.865874483857404 1 01437.png

330 0.9377708194287552 0.0002841459901552674 -0.34725465936173144 0.00010507399878314995 -21.1811804505661 -2.110481492374757 15.300577390551009 1 01442.png

331 0.9340253428213595 0.0002234668522657576 -0.3572066655029864 8.455912344565119e-05 -21.553696299615716 -2.107045500865533 14.18922486174994 1 01446.png

332 0.9305013655644363 0.0002482452162220162 -0.36628832582473697 9.70646348055453e-05 -21.872642395605176 -2.1081683120442625 13.1097676985552 1 01450.png

333 0.9261405667217105 0.0002808843614363971 -0.37717841776448136 0.0001137938788859457 -22.228193569456785 -2.1096005417850536 11.7726091071519 1 01455.png

334 0.9224788254614975 0.0003060065292373974 -0.38604754462303925 0.0001273801497070355 -22.495739320460764 -2.1106571147239026 10.68786845511692 1 01459.png

335 0.9187038921143665 0.00031387744261513476 -0.3949468852283669 0.00013395251623525196 -22.744391786472338 -2.110822735050672 9.595138921335213 1 01463.png

336 0.9137356571148534 0.00033180045596680553 -0.40630901710166756 0.00014644869962830319 -23.03247358648949 -2.1114281369882235 8.208178294409798 1 01468.png

337 0.9094987423540369 0.0003432999033627313 -0.41570650166751966 0.00015579779826336394 -23.246017838791033 -2.11176898236666 7.075610953126279 1 01472.png

338 0.903995590784908 0.00034131380218001126 -0.4275416116658707 0.000160126460486429 -23.483165588033952 -2.111408305506309 5.646287042287016 1 01477.png

339 0.8995031262153526 0.0003340085208509538 -0.4369141660511058 0.00016084459055858033 -23.645318351183374 -2.1108642379009206 4.500968554349583 1 01481.png

340 0.8950644635081813 0.00030728135794448966 -0.44593664218447193 0.0001513281756293083 -23.779587690828084 -2.1094258808587756 3.3687943160324743 1 01485.png

341 0.8905622399241163 0.00017051867652948189 -0.4548613642525543 8.399420598313159e-05 -23.89061565769899 -2.102924030043027 2.074544665617747 1 01490.png

342 0.8891922401641066 -5.827738874712184e-05 -0.4575337752395529 -3.3922354492804e-05 -23.920327980842107 -2.0925315595380862 1.279834346986938 1 01494.png

343 0.8918274853161778 -0.0004065990922708841 -0.4523754279238693 -0.00020814057019492957 -23.882602551740423 -2.0775378546022507 0.7499159692967456 1 01499.png

346 0.8970920997982622 -0.0006091918221320679 -0.441843076564429 -0.0002984241088239502 -23.80479270855855 -2.0696102428361574 0.6722208053366838 1 01503.png

344 0.9039138187963749 -0.0006758001396001719 -0.42771398327323173 -0.00031622092163140133 -23.697706162184737 -2.0677771897771753 0.7818979969475777 1 01507.png

345 0.9125449221481285 -0.000600166743269017 -0.4089759575606968 -0.0002664561074424041 -23.54858884078311 -2.071855725827334 0.9622990960767641 1 01512.png

348 0.9189234344543268 -0.0005376362455277463 -0.3944355207654466 -0.00022916462019695956 -23.429097783957126 -2.0749972209855607 1.0716415064087617 1 01516.png

347 0.9244194450944472 -0.0004070607865496291 -0.3813771037240412 -0.00016907942636312909 -23.319426950358434 -2.0803669338320594 1.0951603509671717 1 01520.png

349 0.9272551614753601 0.0001168408339651114 -0.3744300336375758 4.213890362471991e-05 -23.257797139100084 -2.0991897111342586 0.6360371432856393 1 01525.png

350 0.9241831101799307 0.0006891397225822584 -0.38194897825935364 0.0002862712497724132 -23.296321342299823 -2.118968364972506 -0.39742557680586543 1 01529.png

351 0.9141091916326622 0.0010935338473417008 -0.4054663251251943 0.0004991451447797738 -23.35701541090478 -2.1326462150496854 -2.41299050040187 1 01534.png

352 0.9032518924718734 0.0010865259850329353 -0.42910902459189154 0.0005321851727981415 -23.323693546438022 -2.1321736717570077 -4.284757255937981 1 01538.png

353 0.9924950916589703 0.0005511254988051672 -0.12228321610146416 6.598044695265235e-05 -7.7238871302087695 -3.0880585135792606 29.13968915887968 1 01542.png

354 0.9891093843145916 0.0009478558897241336 -0.14717915363367384 0.00015545319954356614 -9.286128009056746 -3.109347050859673 27.807662951635997 1 01547.png

355 0.9849628689171636 0.0011012964003460416 -0.17276251777374643 0.00021553000977466802 -10.83401139329467 -3.116744471330687 26.544913688253978 1 01551.png

356 0.9798257478834143 0.0010740870096031404 -0.199850673929666 0.0002413538107775843 -12.410128826871288 -3.1142200462389424 25.15823155691324 1 01555.png

357 0.972345852308279 0.0009902935491734259 -0.2335433504939744 0.00025740555835136644 -14.272382661026045 -3.108622209814983 23.30395338474401 1 01560.png

358 0.9656235258377805 0.0009451143564897644 -0.25994276092456853 0.0002723056719180746 -15.648780262286742 -3.1054806044141996 21.742699549042072 1 01564.png

359 0.9565281492586507 0.0008605526109981953 -0.2916386161794243 0.0002769078806101685 -17.1978654561112 -3.100298536572875 19.729638957523697 1 01569.png

360 0.9493486695169709 0.000716820605407139 -0.3142236924203998 0.00024693372947110257 -18.227182988092665 -3.09246944747927 18.155123270677432 1 01573.png

361 0.9430832208967889 0.0004982975372864183 -0.33255639816244603 0.0001794539590237541 -19.011877013648405 -3.0811414946984375 16.713295484892214 1 01577.png

362 0.9370779324843277 0.000285869678671866 -0.34912011607417526 0.00010621571904115824 -19.67326555507971 -3.070385633971337 15.153615827117292 1 01582.png

363 0.9332390886548225 0.00023947374000791356 -0.3592558109599626 9.138131050296833e-05 -20.049610487377464 -3.0679531861475406 14.031849688265831 1 01586.png

364 0.928772962823778 0.00025468358520023453 -0.37064903679227906 0.0001009394281765691 -20.443257897993263 -3.0684072525167787 12.677186867240998 1 01591.png

365 0.9251879376436263 0.0002877839296231006 -0.3795091348079326 0.0001175435150304571 -20.726953242296 -3.0697013529378103 11.59755062603688 1 01595.png

366 0.9214629922268743 0.0003091489578756322 -0.38846601080418175 0.00012974244761701205 -20.993943933087195 -3.070420982200687 10.506525092144582 1 01599.png

367 0.9166521029626883 0.0003193197302487456 -0.39968587794542976 0.0001383473231950245 -21.30004423769879 -3.0705590071390736 9.132316958293295 1 01604.png

371 0.9126451554341654 0.00032704949890276995 -0.4087526050682247 0.00014543422323913917 -21.52395152259576 -3.0706484843402015 8.021114518228934 1 01608.png

369 0.9084887054921738 0.0003307674164761446 -0.41790924827930315 0.0001509592608982158 -21.728691203665203 -3.070566606788273 6.899019858840759 1 01612.png

368 0.9031484953660607 0.000326988385566168 -0.42932815498243926 0.00015406489188929455 -21.95356762041382 -3.0701206527966836 5.489321662155404 1 01617.png

370 0.8988051822425052 0.00031930537140921413 -0.43834817056295317 0.00015421481418692552 -22.10683458943061 -3.069587344426288 4.361294566985727 1 01621.png

372 0.8936828459775623 0.0002605158931521344 -0.4486991045425774 0.00012852860840881943 -22.255837967887423 -3.066965335708291 2.9939168631888613 1 01626.png

373 0.8907340473556978 0.00012168032299441745 -0.4545248493065007 5.863564687815868e-05 -22.326715918811153 -3.061325299621809 2.029010777332859 1 01630.png

375 0.8900185273417692 -0.0001132767638003646 -0.4559243405602486 -6.197955843693341e-05 -22.344803701203368 -3.0522354482060177 1.303939895367284 1 01634.png

374 0.8932868702455418 -0.0004341417970712576 -0.4494867412574892 -0.00022000351727613867 -22.296381165868162 -3.04061066525238 0.8436980770300924 1 01639.png

376 0.8986885747549448 -0.0005991939204225426 -0.4385868236923221 -0.00029095541170374675 -22.213459409989298 -3.0353137621918815 0.7847753542728366 1 01643.png

377 0.9052842306175501 -0.000639533483029925 -0.4248057962647688 -0.0002970723317439317 -22.105854001775448 -3.0347077461584577 0.8738950518494022 1 01647.png

378 0.9135150038754754 -0.0005664926287944466 -0.4068045651357651 -0.0002501303518687227 -21.959633075782442 -3.038073056645774 1.0131381680199105 1 01652.png

379 0.9196184226611568 -0.0005118217418357458 -0.3928124839787306 -0.00021718924994938856 -21.84348990402109 -3.040478926517512 1.0926602634202798 1 01656.png

380 0.9256816830109008 -0.00029286549499270444 -0.37830321313090004 -0.0001220767985564102 -21.72036610404475 -3.0477348730296665 1.0263788872555502 1 01661.png

381 0.9269526844121222 0.00017135278013087025 -0.37517820738540464 6.482638178219399e-05 -21.688978831934364 -3.0615495926518257 0.5337840443930215 1 01665.png

382 0.9235505408024103 0.0007055391586061472 -0.3834759623020015 0.0002951857466954512 -21.728668653020385 -3.076819995149494 -0.5402911122986556 1 01669.png

383 0.9134544140290628 0.00107064700855677 -0.40693936416258736 0.0004910201151215123 -21.781170689886352 -3.086773300835379 -2.554948191218818 1 01674.png

384 0.9027338583007976 0.001057952917203386 -0.4301978519617026 0.0005195964949386979 -21.741695592201424 -3.085970032375494 -4.407930438766389 1 01678.png

385 0.7769645379073169 0.0002789535322541103 0.6295442615181215 -0.00022761590369602247 -10.30286151074086 -2.0511232454841197 29.19482675300914 1 01683.png

386 0.784073845585312 0.0003613836337538498 0.620667376229657 -0.00028662715019469904 -11.018604631648827 -2.050431761974287 28.33200688750777 1 01687.png

387 0.7916446035860697 0.0003809082203562977 0.6109816609239073 -0.0002941711164545542 -11.77098428666833 -2.0501246340740233 27.434312409387584 1 01691.png

388 0.8011862365192945 0.00037787678975488706 0.5984148994552432 -0.00028236705185638047 -12.70445767362041 -2.0499152377552865 26.27744501520934 1 01696.png

389 0.8086746616582502 0.0003703093258752338 0.5882559662170778 -0.00026957917225410024 -13.424601366452116 -2.049779624552695 25.33116735190152 1 01700.png

391 0.8159764738927135 0.0003655248081620964 0.578084935993235 -0.00025927384340015497 -14.115151823941073 -2.0496136317320124 24.36952391252798 1 01704.png

390 0.8248643495384969 0.0003637287770401761 0.56533053179905 -0.00024975510494804716 -14.938610563388547 -2.049356196625643 23.14645298383241 1 01709.png

392 0.8316550306684662 0.00035017253875305844 0.5552924745835562 -0.0002345504126854731 -15.553840565189102 -2.0492700150533567 22.158930048814963 1 01713.png

393 0.8394296985046502 0.00031261197137914245 0.5434681610361365 -0.00020367166555560845 -16.241158969647636 -2.0494120006209506 20.933722333462477 1 01718.png

394 0.8448139838829589 0.00026408781150579885 0.5350600286779842 -0.00016912878521855418 -16.70443044284079 -2.0497872651353646 19.980935409168133 1 01722.png

395 0.8493532827628776 0.0002134952179355821 0.5278247220697383 -0.00013509892167222557 -17.084854296153008 -2.050253206530974 19.06456511071425 1 01726.png

396 0.8539788274806901 0.00016562981234745052 0.5203077204963958 -0.00010379458286737995 -17.460312854036104 -2.0507243880755337 17.969992638177942 1 01731.png

397 0.8571337829221042 0.00015442559267351543 0.5150938216884218 -9.583733982291186e-05 -17.707519788926632 -2.0507678056418372 17.121377333317827 1 01735.png

398 0.8601139898701727 0.00016042241583433852 0.5101018418363527 -9.82314687661171e-05 -17.9334308806472 -2.050563494726556 16.279167115258826 1 01739.png

400 0.8637880067306201 0.0001746333351639631 0.503855373992831 -0.0001050242098911531 -18.201181649155426 -2.0501837797553613 15.223572330767382 1 01744.png

399 0.8667379801035434 0.0001825784426003635 0.498763700350155 -0.00010827817264208838 -18.407386596145574 -2.049917911218094 14.373465868891248 1 01748.png

401 0.8706037264378216 0.00021125077030965955 0.4919848492407773 -0.00012248763421777433 -18.66556876756303 -2.04923530475717 13.291976112578485 1 01753.png

402 0.8743120047603887 0.00027989401006014823 0.4853642086345959 -0.0001580117896629042 -18.901237517451378 -2.0478040875379597 12.376695457173012 1 01757.png

403 0.879121303228401 0.00038995968912153425 0.4765978775144957 -0.00021281474705045698 -19.192432661890372 -2.045485587433064 11.372112407617195 1 01761.png

404 0.8870300330940585 0.0005447129306312432 0.4617113209316881 -0.0002824898094905553 -19.642367261887223 -2.0420300910097606 9.950047254434693 1 01766.png

405 0.8944992531734797 0.000617690447518477 0.4470689107868511 -0.00030584057431027884 -20.037771919148057 -2.040121107571036 8.69247673614749 1 01770.png

407 0.9041541607451898 0.0006185826949734644 0.4272057904420447 -0.00028909409992200887 -20.505535040610884 -2.0394890906971868 7.044774029031698 1 01775.png

406 0.911491529708501 0.0005831077887831709 0.41131834791392236 -0.00026062295593434266 -20.82439361768368 -2.0397660816272922 5.719055092086587 1 01779.png

410 0.9183894343349517 0.0005496427606990348 0.39567725452310937 -0.0002346227134040949 -21.090707607307145 -2.0400541362508124 4.398661259757596 1 01783.png

408 0.9253465744886145 0.0003576057751023895 0.3791221007462317 -0.0001480745111384949 -21.32083709382647 -2.044122055063021 2.8726101351573057 1 01788.png

409 0.9280651175153545 1.794616532044248e-05 0.37241796033637115 -1.2167314122452127e-05 -21.39739649601723 -2.0525300732151313 1.9330428491766973 1 01792.png

411 0.9271235553915025 -0.0004135502152138128 0.3747555405095943 0.0001639262057328961 -21.378325981917715 -2.0643143539186677 1.3861632761747806 1 01796.png

412 0.9211677832738936 -0.0007651230998921865 0.3891647757274435 0.0003270747800244543 -21.256321547371073 -2.0751825699280935 1.2039440082345951 1 01801.png

413 0.9139687474811169 -0.0008217235552596098 0.4057835817780619 0.0003716955260358661 -21.113549569132033 -2.0778169855126847 1.2812023574898728 1 01805.png

414 0.9038069891133004 -0.0007298123543419286 0.42793956389488425 0.00035136495872146377 -20.914456331445578 -2.0760425724292224 1.4385278468719438 1 01810.png

415 0.8954573863146406 -0.0006470294587954193 0.4451466549407037 0.0003259486682459286 -20.753025983802633 -2.074106054160628 1.541912010248419 1 01814.png

416 0.8869596394099468 -0.0005978099094330931 0.46184644808883235 0.00031475199562061275 -20.591435312433656 -2.07311721607803 1.6235447372822307 1 01818.png

417 0.7758391120376888 0.00027955908904812675 0.6309306947737549 -0.00022906678793183357 -8.444783475377092 -2.156344605786172 29.332972727636136 1 01823.png

418 0.7829611503860385 0.000368798721033345 0.6220704259111652 -0.00029356494389912033 -9.163299986979887 -2.1555843192754005 28.47297419013824 1 01827.png

419 0.7929879071558915 0.00041465266027466567 0.6092371506992601 -0.0003183952534679626 -10.160521303968418 -2.1550053812057373 27.332250490224066 1 01832.png

420 0.801166218729476 0.00041178953959013047 0.5984416646734125 -0.00030721165875949985 -10.961813297524161 -2.154815116518609 26.385109659164335 1 01836.png

421 0.8091570130531801 0.00039781340599206463 0.5875922793524435 -0.0002884731349459385 -11.733323347447424 -2.154711314464947 25.418240732429908 1 01840.png

422 0.8188359348580062 0.000389728006384613 0.5740274257361356 -0.000272763709635192 -12.650831248665607 -2.1544940454737853 24.185553547577936 1 01845.png

424 0.8262710269319571 0.0003776603674158719 0.5632725640288733 -0.00025697819906635963 -13.341548718919363 -2.154376857645013 23.184799170226274 1 01849.png

423 0.8331496949638497 0.0003446144641245741 0.5530473891814539 -0.0002287839435407248 -13.968116403163704 -2.154483819090096 22.187856361924812 1 01853.png

425 0.8404834972289993 0.00026781169172851877 0.5418370502651514 -0.0001735585442454823 -14.620126986402333 -2.155096018382161 20.980828238944067 1 01858.png

426 0.8450480059459344 0.0001937204169558433 0.5346903914275569 -0.00012423464009322474 -15.015003521987758 -2.155838529617357 20.072019099289264 1 01862.png

427 0.8492106815896817 0.00011741231327469414 0.5280541627730587 -7.527536743583057e-05 -15.364634858229206 -2.1566993718758734 19.014417046816696 1 01867.png

428 0.8516766854431562 9.015148524946216e-05 0.5240675643428507 -5.787072570852192e-05 -15.564989417433942 -2.157008140949179 18.215094892020034 1 01871.png

429 0.8538060163738076 9.42206949530704e-05 0.520591273400597 -5.987900124196754e-05 -15.732617958842837 -2.1568824310046812 17.433737576623752 1 01875.png

430 0.8564608707052047 0.00011843589061605729 0.5162119307700013 -7.385478836539833e-05 -15.934023250002436 -2.1564086439981955 16.454397299563045 1 01880.png

431 0.8586374414456092 0.00013060527865612332 0.51258337918272 -8.047125512025126e-05 -16.092954429419592 -2.1561182163904156 15.665121200042245 1 01884.png

432 0.8610141697664059 0.00016000295912173556 0.5085809320598595 -9.698270093867229e-05 -16.260235507264525 -2.155509011800406 14.860389994807662 1 01888.png

433 0.8650940726888631 0.0002679137076921578 0.5016095582441145 -0.0001571591091152662 -16.5346789697517 -2.1533912526210726 13.775821692835034 1 01893.png

434 0.8699827332467593 0.00040592498355638336 0.49308196683406685 -0.00023034854836107742 -16.84840751114608 -2.1505872303165643 12.789296917474957 1 01897.png

435 0.878788783384673 0.000610967620312965 0.47721042856676593 -0.00032830317811653406 -17.38353196954509 -2.1461730712697347 11.341020800204511 1 01902.png

436 0.8874872603047761 0.0007155064586752837 0.4608315499141111 -0.00036530944204088027 -17.87994832223814 -2.1435662847008885 10.023353090605195 1 01906.png

437 0.8967811994560331 0.0007461537539255721 0.44247349475393516 -0.0003605509858032576 -18.37519572130728 -2.1423286757901194 8.612605556037305 1 01910.png

438 0.9080311368777481 0.0007025877731073152 0.4189019696462607 -0.00031726551770802365 -18.920510576944814 -2.1424656811654543 6.806920775137813 1 01915.png

439 0.9164001167310382 0.0006669995883887044 0.4002627885982773 -0.0002850095079347627 -19.28066473734443 -2.142640690787232 5.361045825614533 1 01919.png

440 0.9251297975484302 0.0004756784562435941 0.3796506209057036 -0.00019355598894683654 -19.606377243130172 -2.1464835892403014 3.660581644727742 1 01924.png

441 0.9288726941154702 8.535644712928682e-05 0.37039912178419665 -3.7715261266781674e-05 -19.726114670521838 -2.1560458180892033 2.610115130605834 1 01928.png

442 0.9284886991291875 -0.00040271915787423 0.3713604022218985 0.0001583295884796284 -19.719162774731245 -2.1692779356239997 2.003579509950388 1 01932.png

443 0.922864425695994 -0.0007749401702990586 0.38512406248099385 0.0003282539736538582 -19.58525633257897 -2.18065779266539 1.7944040906683227 1 01937.png

444 0.9160905180964704 -0.0007949740033190633 0.4009705783772671 0.00035488853841344554 -19.429520497814995 -2.1820991189473795 1.8383251000881469 1 01941.png

445 0.9086107356326008 -0.0007102584607282227 0.4176432881431602 0.0003324079907860499 -19.261315834270015 -2.180271453740349 1.9177453334708936 1 01945.png

446 0.8990357629510125 -0.0006042894276664889 0.43787468840697247 0.00029836533831279356 -19.051578621593706 -2.1777126556564506 1.9895225717203235 1 01950.png

447 0.8912574388556455 -0.0005574499283761414 0.4534972818656365 0.00028683537482939147 -18.886304468286905 -2.176731171822723 2.0220581960439734 1 01954.png

451 0.8822885608829906 -0.0004123666431144758 0.4707086961765365 0.00022052790797490448 -18.702127729217274 -2.1723840564750585 1.9607667820280081 1 01959.png

448 0.7748074027646743 0.0002703481050314011 0.6321972525095864 -0.00022237871294284223 -8.890686313028079 -2.637866899275202 29.480272579487355 1 01963.png

449 0.7816589603290766 0.0003488456658523524 0.6237059164422624 -0.00027899621203223346 -9.58366714766801 -2.637208810786336 28.630859633414545 1 01967.png

450 0.7914431908824023 0.00040267211120251987 0.6112425188526043 -0.00031081791424399633 -10.559047340526389 -2.6365973292888363 27.503089560141103 1 01972.png

452 0.7994691424814305 0.0004021143808811654 0.6007069480286725 -0.0003018511363129038 -11.347290548475428 -2.6363975931281822 26.56649150618238 1 01976.png

453 0.8073206430339914 0.0003877629673830988 0.590112827135008 -0.0002832345175886294 -12.107242617296341 -2.636302803665957 25.6107365432006 1 01980.png

454 0.8168123877066314 0.00037884577999315307 0.5769032053011656 -0.0002673538998636006 -13.00936486695022 -2.6361086976933445 24.393887328074584 1 01985.png

455 0.824166151078607 0.00037282698747333735 0.5663479062364117 -0.00025596473370044655 -13.694430418670581 -2.635939038011245 23.40365267344185 1 01989.png

456 0.8327129205031237 0.00033906403842921443 0.5537048185352974 -0.0002258174697992117 -14.4733802197279 -2.6359970636451338 22.165061998962422 1 01994.png

457 0.8387059795464064 0.00029077031516824636 0.544584391365104 -0.00018975570095421113 -15.006421931342123 -2.636325210015818 21.195920000614255 1 01998.png

458 0.8437379138555845 0.0002302165145493377 0.5367553053361753 -0.0001480420609075006 -15.443451222249788 -2.6368682693326293 20.26458096970466 1 02002.png

459 0.8486511447693506 0.0001584425795172318 0.5289529271874743 -0.0001009822868466246 -15.85796325676171 -2.6376139861530477 19.165307467975758 1 02007.png

460 0.8516683073649615 0.00012160708566826792 0.5240811706721665 -7.738675384512346e-05 -16.104416411768653 -2.638014689178442 18.33321501129655 1 02011.png

461 0.8548261418959213 0.00011349651063105828 0.5189144911435157 -7.163199239611477e-05 -16.353555833987443 -2.638024316594768 17.32523385575216 1 02016.png

462 0.8572230942506663 0.00012816969194850517 0.5149451853282477 -7.976904009711831e-05 -16.53576551930243 -2.637710517193284 16.523568675625782 1 02020.png

463 0.8596676911643303 0.00014293044979244704 0.5108536313255071 -8.775317033882292e-05 -16.7153619743486 -2.6373732994729404 15.716018500841566 1 02024.png

464 0.8628326425172197 0.0001638408173997121 0.5054896580513748 -9.88232902934231e-05 -16.93855413628513 -2.6368779548251973 14.69519201165482 1 02029.png

465 0.865870671165046 0.00022061010469637295 0.5002678434971048 -0.0001300389579793365 -17.143485179718212 -2.6357344014999295 13.84050371778777 1 02033.png

466 0.869952398635421 0.000325534506182365 0.4931355629621884 -0.00018621957065425565 -17.40735311421327 -2.633613906655678 12.908326948992935 1 02037.png

467 0.8773042895663985 0.0005120679550633495 0.4799342073404467 -0.00027914029349797954 -17.857878793272207 -2.6296861973732235 11.566818837267114 1 02042.png

468 0.8851221008143629 0.0006542257898121508 0.4653582739365303 -0.000339878504354645 -18.308991118108786 -2.626450044920632 10.323879937928195 1 02046.png

469 0.8962263058923147 0.0007265790587059279 0.44359638834101567 -0.0003534972324567801 -18.903979990817373 -2.6242761356518547 8.610938579297695 1 02051.png

471 0.9050537430031812 0.00069994273464806 0.42529651784463074 -0.0003229014270172282 -19.3358237920212 -2.624245636136927 7.19145815688211 1 02055.png

470 0.9133688682547317 0.0006607818600602573 0.4071323989783019 -0.0002890892196490449 -19.703768720404753 -2.624517501803728 5.768483779401077 1 02059.png

475 0.9226448310719779 0.0005533997200136777 0.38565030433485636 -0.00022849801716338122 -20.061676781541447 -2.6262991753570915 4.03296730507471 1 02064.png

472 0.927670217325251 0.00026166306485463103 0.37340043889087143 -0.00010796419174565082 -20.2272090245085 -2.633044195465682 2.8536236269782034 1 02068.png

473 0.9289807491168376 -0.00020377732098272002 0.3701279784490062 7.625204970089557e-05 -20.26717630999735 -2.645105973801068 2.0630498524229584 1 02072.png

474 0.9249565632623599 -0.0007018903711056348 0.3800720711810071 0.0002900620113996418 -20.173079427160612 -2.659529681139226 1.687045575145902 1 02077.png

476 0.918639418611322 -0.0008221396209577826 0.39509595479558407 0.0003593940199066565 -20.030563403107706 -2.663892111567024 1.695174313959667 1 02081.png

477 0.9091579270694875 -0.000751081168269404 0.4164506899718436 0.0003497795970117553 -19.82147660997408 -2.6627934313753627 1.8172747351888088 1 02086.png

478 0.9012292262309811 -0.0006558768748494651 0.433342069917117 0.00031945669589101796 -19.650099983325934 -2.6605147867206176 1.9058934490940835 1 02090.png

479 0.8931728314106098 -0.0005989504700980282 0.4497130659785827 0.00030459223864368447 -19.47977430591257 -2.6592890632797492 1.971522093053764 1 02094.png

481 0.8834649780253585 -0.0004792958724729352 0.46849689212404894 0.00025484941980783625 -19.28010893469036 -2.6559245490028216 1.979571437311007 1 02099.png

480 0.7764738181500984 0.00028199740158578907 0.6301494084756912 -0.00023065690905857696 -9.594901853262733 -1.5763002417609155 29.248290479473372 1 02103.png

482 0.785548553691852 0.0003858209201114964 0.6187998289483854 -0.0003043489876005149 -10.50759759149499 -1.5754080685412857 28.16279665543407 1 02108.png

483 0.7935878466575572 0.00041342128792410814 0.6084554694537206 -0.000316878703326851 -11.304665667894023 -1.5750176901131332 27.244687649285257 1 02112.png

484 0.8016962250541738 0.0004085406549381209 0.5977314640897439 -0.0003044101711645143 -12.097758588394125 -1.5748485422428093 26.298242426624718 1 02116.png

487 0.8115614776853837 0.00039347889192544496 0.5842668337193311 -0.00028306724601137736 -13.0465774991543 -1.5747074388259874 25.08847494205958 1 02121.png

485 0.819220379329204 0.00038891044363162743 0.5734786350361328 -0.0002720247711304915 -13.76952267190385 -1.574522443007117 24.101414388444113 1 02125.png

486 0.8266007168749544 0.0003771472416937894 0.5627886341726079 -0.0002566474235269735 -14.45360997101201 -1.5744043254738123 23.102130091398962 1 02129.png

488 0.8350415379030242 0.00033365746653478114 0.5501867593118979 -0.0002202887176529373 -15.218664629956123 -1.5745721374506176 21.859610394927817 1 02134.png

489 0.8407803389388763 0.0002719696660734736 0.5413763170079399 -0.00017626470915129206 -15.725985726101015 -1.5750644895995263 20.897942908812755 1 02138.png

490 0.8463824692997665 0.0001835463602277938 0.5325755046612822 -0.000117505507369596 -16.20787615359985 -1.5759381964777783 19.765618274415107 1 02143.png

491 0.8496691102302333 0.00012645334621329003 0.5273162055011228 -8.090743279531172e-05 -16.482045690958657 -1.5765706051877386 18.920673398137446 1 02147.png

492 0.8523275617339876 0.0001071979790736911 0.5230083281763768 -6.837645980715364e-05 -16.6973260127077 -1.576751684970929 18.10901024714058 1 02151.png

493 0.8552383502454551 0.0001130601122118013 0.5182348371295659 -7.121892757541494e-05 -16.92484980076071 -1.5765659033223318 17.115514021613542 1 02156.png

494 0.8575305078556849 0.00012932333383394961 0.5144330908091159 -8.03294853178173e-05 -17.09744608259649 -1.5762271389857179 16.32009536864445 1 02160.png

495 0.8604553566432566 0.00014393855264655642 0.509525809705462 -8.803188424328223e-05 -17.309275530603422 -1.575865374904778 15.318357924921058 1 02165.png

496 0.8630124550356384 0.00017435493294606214 0.5051826017099365 -0.00010480122708579733 -17.48684029451975 -1.5752319715319296 14.499471499368896 1 02169.png

499 0.8663100011108711 0.00025433448438619017 0.4995066517292459 -0.00014888750928016437 -17.706729930165857 -1.5736662557716057 13.626926391950644 1 02173.png

497 0.8725152390423568 0.0004332736662649974 0.488586646318259 -0.00024280087598738015 -18.10037572356848 -1.5700825769539932 12.381355974502402 1 02178.png

498 0.8794802720514739 0.0005848198295526737 0.4759348804884904 -0.00031399432905258477 -18.518900371412197 -1.5668379216065016 11.222488206744767 1 02182.png

500 0.8879018390878058 0.00069777317973654 0.4600322928005866 -0.0003561428327249174 -18.996609032960862 -1.5641556921278779 9.92311297721583 1 02186.png

501 0.8992777493622358 0.0007334435117249536 0.4373772619002284 -0.00034976458672834095 -19.592978428668516 -1.5627338902184131 8.168983437831255 1 02191.png

502 0.9080475437389635 0.0006919434449302937 0.41886642469818347 -0.0003127050772794083 -20.010077336462857 -1.56302926471469 6.737283151019487 1 02195.png

503 0.9182168801840546 0.000641890330301238 0.3960773602599072 -0.0002713142256896531 -20.4381047996471 -1.5634143902774051 4.950507542029301 1 02200.png

504 0.9249065959521369 0.000475069663705639 0.38019406305066805 -0.0001936338546776568 -20.680821809458475 -1.5667734014616277 3.615614499166732 1 02204.png

505 0.9287736326784747 0.00011129808223975695 0.37064743968564257 -4.804627322012982e-05 -20.802936127887936 -1.5754139090237584 2.5520962900511446 1 02208.png

506 0.9280107389325531 -0.00046593616281221615 0.3725531064395685 0.0001849637160694205 -20.78749570754603 -1.59083218020471 1.8240900722936182 1 02213.png

507 0.923425839208406 -0.0007483604512804935 0.3837760548597088 0.00031488919256727143 -20.68135936271017 -1.5994307875769795 1.6656690303662955 1 02217.png

508 0.9166557729041785 -0.0008167844618946072 0.39967661291365036 0.0003632553615960507 -20.529853782423864 -1.6023286425862862 1.7121668865246242 1 02221.png

509 0.9069651120038856 -0.000721647934493247 0.4212049957103372 0.00034120476645581934 -20.317365646563115 -1.600479404862677 1.8421230404547106 1 02226.png

510 0.8990173036053933 -0.0006320583808577323 0.4379125378661737 0.000312249736846871 -20.146689812041522 -1.5983533863892836 1.9229510722943797 1 02230.png

511 0.8889379468811253 -0.0005657097844118102 0.4580272041670596 0.00029463556518996483 -19.935760292912097 -1.5969415496336408 1.9900213717631257 1 02235.png

512 0.881534776517311 -0.0004360101038949242 0.4721188333911701 0.00023418608909179936 -19.78544907120272 -1.593051101562883 1.9556773088137174 1 02239.png

